1025
1033.928
1022.031
1034.806
1029.015
1032.844
1027.069
1028.81
1041.612
1039.537
1037.723
1034.332
1027.298
1032.872
1044.139
1033.107
1035.298
1052.736
1052.613
1051.302
1059.185
1063.155
1064.042
1072.444
1095.085
1115.999
1151.919
1215.893
1309.518
1437.856
1662.82
1957.759
2290.198
2626.408
2979.844
3247.514
3404.075
3499.605
3553.02
3567.255
3596.247
3602.686
3608.741
3622.484
3631.981
3643.282
3659.221
3667.692
3665.317
3672.575
3675.206
3677.2
3679.078
3668.804
3669.67
3665.643
3667.534
3684.24
3684.171
3679.528
3680.512
3669.377
3678.335
3681.752
3677.191
3677.28
3675.626
3664.898
3661.591
3661.269
3664.711
3657
3660.554
3658.946
3650.593
3650.038
3660.584
3663.725
3665.487
3666.129
3668.688
3676.064
3678.861
3678.76
3674.866
3677.056