1.0001211
1.0051217
1.0101473
1.015198
1.020274
1.0253754
1.0305023
1.0356548
1.0408331
1.0460372
1.050658
1.0512674
1.0565238
1.0618064
1.0671154
1.067676
1.071028
1.072451
1.077461
1.0778132
1.0832023
1.0886183
1.093542
1.0940614
1.0995317
1.1050294
1.1105545
1.1161073
1.1216878
1.1272963
1.1329328
1.1385974
1.141345
1.1442904
1.1500119
1.1557619
1.1615407
1.1673484
1.1731852
1.1790511
1.1849464
1.1908711
1.1968254
1.2028096
1.2088236
1.2148677
1.220098
1.2209421
1.2270468
1.233182
1.2393479
1.2455447
1.2517724
1.2580312
1.2643214
1.270643
1.2769962
1.2833812
1.2897981
1.2962471
1.3027283
1.304285
1.309242
1.3157882
1.3223671
1.328979
1.3356239
1.342302
1.3490135
1.3557586
1.3625374
1.36935
1.3761968
1.3830778
1.3899932
1.394281
1.3969431
1.4039278
1.4109475
1.4180022
1.4250922
1.4322177
1.4393788
1.4465757
1.4538086
1.4610776
1.468383
1.4757249
1.4831035
1.490486
1.490519
1.4979716
1.5054615
1.5129888
1.5205537
1.5281565
1.5357973
1.5434763
1.5511937
1.5589496
1.5667444
1.5745781
1.582451
1.5903633
1.593329
1.5983151
1.6063066
1.6143382
1.6224099
1.6305219
1.6386745
1.6468679
1.6551022
1.6633777
1.6716946
1.6800531
1.6884534
1.6968956
1.703269
1.7053801
1.713907
1.7224766
1.7310889
1.7397444
1.7484431
1.7571853
1.7659712
1.7748011
1.7836751
1.7925935
1.8015565
1.8105642
1.8196171
1.820795
1.8287151
1.8378587
1.847048
1.8562833
1.8655647
1.8748925
1.884267
1.8936883
1.9031567
1.9126725
1.9222359
1.9318471
1.9415063
1.94643
1.9512138
1.9609699
1.9707747
1.9806286
1.9905318
2.0004844
2.0104868
2.0205393
2.030642
2.0407952
2.0509992
2.0612542
2.0715604
2.080733
2.0819182
2.0923278
2.1027895
2.1133034
2.1238699
2.1344893
2.1451617
2.1558875
2.166667
2.1775003
2.1883878
2.1993297
2.2103264
2.221378
2.224304
2.2324849
2.2436473
2.2548656
2.2661399
2.2774706
2.2888579
2.3003022
2.3118037
2.3233628
2.3349796
2.3466545
2.3583878
2.3701797
2.377781
2.3820306
2.3939407
2.4059104
2.41794
2.4300297
2.4421798
2.4543907
2.4666627
2.478996
2.4833243
2.4846756
2.491391
2.5038479
2.5163672
2.528949
2.5415938
2.541848
2.5543017
2.5670732
2.5799086
2.5848604
2.5863394
2.5928082
2.6057722
2.6188011
2.6318951
2.6450545
2.6582798
2.6715712
2.6849291
2.6983537
2.7118455
2.717235
2.7254047
2.7390317
2.7527269
2.7664905
2.780323
2.7942246
2.8081957
2.8222367
2.8363479
2.8505296
2.8647823
2.8791062
2.8935017
2.904724
2.9079692
2.9225091
2.9371216
2.9518072
2.9665662
2.9813991
2.9963061
3.0112876
3.026344
3.0414758
3.0566831
3.0632417
3.0695584
3.0719666
3.0873264
3.102763
3.10515
3.1182768
3.1338682
3.1495376
3.1652853
3.1811117
3.1970172
3.2130023
3.2290673
3.2452127
3.2614387
3.2777459
3.2941347
3.3106053
3.319406
3.3271584
3.3437941
3.3605131
3.3773157
3.3942023
3.4111733
3.4282291
3.4453703
3.4625971
3.4799101
3.4973097
3.5147962
3.5323702
3.548445
3.5490108
3.5500321
3.5593891
3.5677822
3.5856211
3.6035492
3.621567
3.6396748
3.6578732
3.6761626
3.6945434
3.7130161
3.7315812
3.7502391
3.7689903
3.7878352
3.793288
3.8067744
3.8258083
3.8424209
3.8449373
3.8589789
3.864162
3.8834828
3.9029002
3.9224147
3.9420268
3.9617369
3.9815456
4.0014533
4.0214606
4.0415679
4.055024
4.0617757
4.0820846
4.102495
4.1230075
4.1436226
4.1643407
4.1851624
4.2060882
4.2271186
4.2482542
4.2694955
4.290843
4.3122972
4.3338587
4.334821
4.355528
4.3773056
4.3991921
4.4211881
4.443294
4.4655105
4.465958
4.4878381
4.5102772
4.5328286
4.534314
4.552543
4.5554928
4.5782702
4.579885
4.6011616
4.6241674
4.633924
4.6472882
4.648242
4.6705247
4.6938773
4.7173467
4.7409334
4.755058
4.7646381
4.7884613
4.8124036
4.827839
4.8364656
4.847248
4.8606479
4.87636
4.8849512
4.9093759
4.9339228
4.953664
4.9585924
4.9833854
5.0083023
5.0333438
5.0585105
5.0838031
5.084338
5.1092221
5.1347682
5.1604421
5.162159
5.182912
5.1862443
5.2121755
5.21404
5.2382364
5.2644276
5.2907497
5.295467
5.3172034
5.3437895
5.3705084
5.3973609
5.4243477
5.4514695
5.4787268
5.5061205
5.5336511
5.5613193
5.5891259
5.6170716
5.6451569
5.660855
5.6733827
5.7017496
5.7302584
5.7589096
5.7877042
5.8166427
5.8457259
5.8749546
5.9043293
5.933851
5.9635202
5.9933378
6.0233045
6.051453
6.053421
6.0836882
6.1141066
6.1446771
6.1754005
6.2062775
6.2373089
6.2684954
6.2998379
6.3313371
6.3629938
6.3948088
6.4267828
6.4589167
6.469004
6.4912113
6.5236674
6.5562857
6.5890671
6.6220125
6.6551225
6.6883981
6.7218401
6.7554493
6.7892266
6.8231727
6.8572886
6.891575
6.915365
6.9260329
6.9606631
6.9954664
7.0304437
7.0655959
7.1009239
7.1364285
7.1721107
7.2079712
7.2440111
7.2802311
7.3166323
7.3532155
7.3899815
7.392525
7.4269314
7.4640661
7.5013864
7.5388934
7.5765878
7.6144708
7.6525431
7.6908058
7.7292599
7.7679062
7.8067457
7.8457794
7.8850083
7.902609
7.9244334
7.9640555
8.0038758
8.0438952
8.0841147
8.1245352
8.1651579
8.2059837
8.2470136
8.2882487
8.3296899
8.3713384
8.4131951
8.44789
8.455261
8.4975373
8.540025
9.030794
9.653919
10.32004
11.03212
11.79334
12.60708
12.7745
12.97002
13.02216
13.10038
13.2959
13.47697
14.40688
14.896
15.124
15.1848
15.276
15.40095
15.504
15.54358
15.7815
15.84494
15.9401
16.17802
16.46362
17.59961
18.81398
20.11215
21.49988
22.98338
24.56923
26.2645
28.07676
30.01405
32.08502
32.50601
33.00355
33.13623
33.33525
33.83279
34.29889
36.66551
39.19543
41.89992
44.79101
47.88159
51.18542
54.71721
58.4927
62.5287
66.84318
71.45536
76.38578
81.6564
86.24441
87.29069
87.56448
87.9165
88.44452
89.76459
93.31374
99.75239
