28838.05
28542.18
28246
27949.62
27652.92
27355.89
27058.65
26760.93
26463
26164.58
25900.73
25867.54
25582.23
25296.49
25010.57
24980.48
24801.66
24916.83
25323.24
25304.78
25023.41
24741.74
24486.06
24460.97
24197.78
23934.23
23670.46
23406.19
23141.68
22876.67
22611.28
22345.5
22217.04
22097.82
21867.17
21636.16
21404.93
21173.33
20941.5
20709.3
20476.85
20244.02
20010.81
19777.21
19543.34
19308.94
19106.88
19079.49
18882.05
18684.51
18486.75
18288.62
18090.25
17891.64
17692.65
17493.55
17294.06
17094.19
16894.05
16693.38
16492.31
16444.16
16315.5
16146.33
15976.91
15807.37
15637.56
15467.37
15297.05
15126.59
14955.72
14784.59
14613.17
14441.61
14269.63
14163.34
14107.67
13962.17
13816.5
13670.68
13524.55
13378.26
13231.8
13085.03
12938.08
12790.96
12643.52
12495.89
12348.08
12200.46
12199.9
12073.53
11946.81
11820
11692.96
11565.69
11438.2
11310.6
11182.64
11054.57
10926.39
10797.84
10669.17
10540.12
10491.95
10423.62
10314.51
10205.23
10095.67
9986.084
9876.202
9766.29
9655.411
9543.562
9431.41
9319.22
9206.722
9094.183
9009.511
8985.987
8891.225
8796.504
8701.691
8606.648
8510.706
8414.532
8318.125
8221.747
8125.133
8028.545
7931.716
7834.778
7737.727
7725.148
7654.135
7572.523
7490.738
7408.913
7327.045
7245.001
7162.91
7080.774
6998.589
6916.22
6833.665
6751.058
6668.396
6626.44
6592.23
6522.548
6453.008
6383.206
6313.409
6243.615
6173.69
6103.631
6033.571
5963.376
5893.178
5822.841
5752.364
5689.827
5683.023
5623.612
5564.113
5504.525
5444.981
5385.346
5325.618
5265.797
5206.015
5146.03
5086.015
5025.93
4965.771
4905.526
4889.628
4852.127
4801.184
4750.185
4699.142
4648.053
4596.906
4545.698
4494.429
4443.111
4391.716
4340.271
4288.747
4237.144
4204.001
4188.251
4144.285
4100.289
4056.234
4012.148
3968.016
3923.823
3879.583
3835.294
3819.781
5670.979
5633.507
5564.588
5495.764
5427.303
5359.07
5357.709
5297.284
5236.017
5174.872
5151.414
6327.691
6289.45
6213.044
6137.16
6061.664
5986.555
5911.966
5837.897
5764.078
5690.644
5617.594
5588.71
5548.832
5482.928
5417.571
5352.628
5288.097
5223.978
5160.27
5096.839
5033.818
4971.073
4908.871
4846.943
4785.289
4737.78
4724.992
4668.274
4611.983
4555.984
4500.278
4444.997
4390.007
4333.838
4277.423
4221.565
4165.863
4141.968
4545.679
4535.958
4474.281
4413.159
4403.799
4355.796
4299.506
4243.521
4188.109
4133.002
4078.334
4023.97
3971.246
3918.826
3866.708
3815.16
3763.914
3713.102
3686.318
3664.799
3619.174
3574.004
3528.888
3484.093
3439.619
3395.6
3351.766
3308.386
3265.325
3222.583
3180.025
3137.785
3099.647
3098.413
3096.167
3212.182
3193.108
3152.825
3112.741
3073.124
3033.839
2994.753
2955.999
2917.443
2879.218
2841.324
2804.429
2767.731
2731.228
2720.814
2697.263
2664.535
2636.19
2631.883
2682.739
2674.037
2641.539
2609.25
2577.305
2545.436
2513.909
2482.59
2451.079
2419.777
2388.681
2368.025
2358.563
2330.466
2302.723
2275.067
2247.496
2220.28
2193.149
2166.237
2139.411
2112.803
2086.414
2060.243
2034.023
2008.128
2006.983
1983.956
1960.005
1936.213
1912.565
1889.063
1865.705
1865.24
1843.169
1820.782
1798.528
1797.079
1779.525
1920.584
3010.04
3087.293
3046.58
3002.761
2984.201
2959.353
2957.589
2917.829
2876.374
2834.953
2793.55
2768.883
2753.689
2716.115
2678.592
2654.527
2641.805
2625.998
2893.334
3206.943
3191.497
3147.779
3104.063
3069.06
3060.923
3019.958
2978.846
2937.707
2896.569
2855.428
2854.563
2817.949
2780.563
2743.18
2740.684
2711.55
2737.394
2938.627
2953.109
2919.005
2882.289
2845.577
2839.031
2812.253
2779.686
2747.14
2714.616
2682.112
2649.614
2617.123
2584.651
2552.183
2519.72
2487.274
2454.817
2422.35
2404.301
2392.163
2364.829
2337.508
2310.213
2282.917
2255.646
2228.386
2201.136
2173.884
2146.654
2119.407
2092.182
2064.939
2039.483
2037.945
2014.427
1990.908
1967.361
1943.758
1920.179
1896.597
1873.025
1849.449
1825.895
1802.324
1778.76
1755.204
1731.629
1724.268
1710.422
1690.297
1670.169
1650.063
1629.967
1609.866
1589.774
1569.677
1549.587
1529.492
1509.403
1489.308
1469.206
1455.332
1450.068
1433.061
1416.074
1399.082
1382.096
1365.116
1348.116
1331.095
1314.08
1297.07
1280.052
1263.025
1246.002
1228.97
1227.798
1214.464
1200.147
1185.821
1171.511
1157.204
1142.9
1128.598
1114.297
1099.986
1085.649
1071.3
1056.952
1042.605
1036.195
1029.518
1017.469
1005.418
993.3788
981.337
969.3061
957.2725
945.2361
933.1832
921.1403
909.0939
897.0438
884.9897
875.0553
873.2717
863.0841
852.9013
738.2846
617.4951
516.3086
431.38
360.4815
301.5883
291.8868
280.7439
277.8054
400.6291
384.7472
370.3732
309.5991
283.7931
272.3348
269.3327
320.174
312.9937
307.6985
305.6937
293.8442
290.7415
313.1847
301.3886
287.7316
242.25
203.9215
171.7059
144.4664
121.5486
102.2529
86.10543
71.99844
60.14604
50.25572
48.62382
46.73347
46.23571
117.0159
112.4931
108.4163
90.98137
76.37471
64.13569
53.80739
45.10928
37.8319
31.74406
26.64461
22.37675
18.80319
15.76889
13.23694
11.10867
9.629807
9.303324
9.2329
9.143042
16.5528
15.9479
14.40648
12.14298