1.04244
1.04765
1.05289
1.05815
1.06344
1.06768
1.06876
1.0741
1.07947
1.08487
1.09029
1.09575
1.10122
1.10673
1.11226
1.11783
1.12341
1.12903
1.13468
1.14035
1.14135
1.14605
1.15178
1.15754
1.16333
1.16915
1.17499
1.18087
1.18506
1.18534
1.18677
1.1927
1.19867
1.20466
1.21068
1.21674
1.21696
1.21744
1.2201
1.22282
1.22894
1.23508
1.24126
1.24746
1.2537
1.25997
1.26627
1.2726
1.27896
1.28536
1.29178
1.29824
1.30429
1.30473
1.31126
1.31781
1.3244
1.33102
1.33768
1.34437
1.35109
1.35785
1.36463
1.37146
1.37832
1.38521
1.39213
1.39428
1.39909
1.40609
1.41312
1.42018
1.42729
1.43442
1.44159
1.4488
1.45605
1.46333
1.47064
1.478
1.48539
1.49049
1.49281
1.50028
1.50778
1.51532
1.52289
1.53051
1.53816
1.54271
1.54529
1.54585
1.55358
1.56135
1.56916
1.577
1.58489
1.59281
1.59333
1.60078
1.60878
1.61682
1.62491
1.63303
1.6412
1.6494
1.65765
1.66594
1.67427
1.68264
1.68681
1.68979
1.69105
1.69951
1.70327
1.70801
1.71655
1.72513
1.73375
1.74242
1.75113
1.75989
1.76869
1.77753
1.78642
1.79535
1.80433
1.81335
1.82079
1.82242
1.83153
1.84069
1.84989
1.85914
1.86844
1.87778
1.87785
1.88375
1.88717
1.8966
1.90609
1.91562
1.92519
1.93482
1.94449
1.94643
1.95422
1.96399
1.97381
1.98368
1.9936
2.00356
2.01358
2.02365
2.03377
2.04394
2.05416
2.06443
2.07475
2.08073
2.08512
2.09555
2.10603
2.11656
2.12714
2.13777
2.14846
2.15921
2.17
2.18085
2.19176
2.20271
2.21373
2.2243
2.2248
2.23592
2.2471
2.25834
2.26963
2.28098
2.29238
2.30384
2.31536
2.32694
2.33857
2.35027
2.36202
2.37383
2.37778
2.3857
2.39763
2.40961
2.42166
2.42256
2.43377
2.44594
2.45817
2.45964
2.46953
2.47046
2.48281
2.48436
2.49523
2.5077
2.52024
2.52144
2.53284
2.54185
2.54551
2.55823
2.57102
2.58388
2.5968
2.60978
2.62283
2.63595
2.64913
2.66237
2.67568
2.68906
2.70251
2.71602
2.71724
2.7296
2.74325
2.75696
2.77075
2.7846
2.79853
2.81252
2.82658
2.84071
2.85492
2.86919
2.88354
2.89796
2.90472
2.91245
2.92701
2.94164
2.95635
2.97113
2.98599
3.00092
3.01592
3.031
3.04616
3.06139
3.07669
3.09208
3.10515
3.10754
3.12308
3.13869
3.15439
3.17016
3.18601
3.20194
3.21795
3.23404
3.25021
3.26646
3.28279
3.2992
3.3157
3.31941
3.33228
3.34894
3.36569
3.38251
3.39943
3.41642
3.43351
3.45067
3.46793
3.48527
3.50269
3.52021
3.53781
3.54845
3.5555
3.57327
3.59114
3.6091
3.62714
3.64528
3.6635
3.68182
3.70023
3.71873
3.73732
3.75601
3.77479
3.79329
3.79367
3.81263
3.8317
3.85086
3.87011
3.88946
3.90891
3.92845
3.94809
3.96783
3.98767
4.05502
4.33482
4.63392
4.95366
5.29547
5.66085
6.05145
6.469
6.91536
7.09794
7.20659
7.23556
7.27901
7.39253
7.77169
7.89065
7.90261
7.92237
7.96995
8.08891
8.20809
8.33372
8.36722
8.41748
8.44789
8.54311
9.03079
9.65392
10.32004
11.03212
11.79334
12.60708
13.47697
14.40688
15.40095
16.46362
17.59961
18.81398
20.11215
21.49988
22.98338
24.56923
26.2645
28.07676
30.01405
32.08502
34.29889
36.66551
39.19543
41.89992
44.79101
47.88159
49.23432
49.98791
50.18886
50.4903
51.18542
51.24388
54.71721
58.4927
62.5287
66.84318
71.45536
76.38578
81.6564
87.29069
93.31374
99.75239
106.6353
113.9931
121.8587
130.2669
139.2553
148.864
159.1356
170.1159
181.8539
194.4018
207.8156